,ls,log_ss,cond_pp,cond_umfpack
24,0.04,8.0,2623961.289271736,inf
19,0.02,8.0,9717022.370031137,inf
23,0.04,7.0,22974305.131815653,inf
18,0.02,7.0,47243184.72059793,inf
14,0.01,8.0,66559877.14748786,inf
13,0.01,7.0,97273713.8568544,inf
22,0.04,6.0,198663041.1487948,inf
8,0.005,7.0,205044045.49960417,inf
17,0.02,6.0,452559341.6394932,inf
9,0.005,8.0,483832904.93373066,inf
3,0.0025,7.0,536110505.6156017,inf
12,0.01,6.0,923624480.3492875,inf
21,0.04,5.0,1854707671.0812886,inf
7,0.005,6.0,1861744005.171711,inf
4,0.0025,8.0,3628560399.418302,inf
2,0.0025,6.0,3765972579.6977735,inf
16,0.02,5.0,3836345404.7471833,inf
11,0.01,5.0,8987387712.775309,inf
20,0.04,4.0,17127856856.61722,inf
6,0.005,5.0,18377593918.77234,inf
15,0.02,4.0,34829200532.72218,inf
1,0.0025,5.0,36894297572.45635,inf
10,0.01,4.0,73644929742.2595,inf
5,0.005,4.0,178576131497.52927,inf
0,0.0025,4.0,366900020440.38306,inf
